City,Temp,Cloudiness,Country,Date,Humidity,Lat,Lng,Max Temp,Wind Speed
"port alfred,za",20.0,56,ZA,1553033346,97,-33.59,26.89,20.0,2.68
"hilo,us",22.53,90,US,1553033536,56,19.71,-155.08,23.33,4.1
"rikitea,pf",25.61,0,PF,1553033420,100,-23.12,-134.97,25.61,9.81
"barrow,us",11.65,90,US,1553033481,62,39.51,-90.4,13.33,3.6
"ilulissat,gl",-23.0,75,GL,1553028600,63,69.22,-51.1,-23.0,6.2
"avarua,ck",28.0,32,CK,1553031000,83,-21.21,-159.78,28.0,2.6
"mareeba,au",23.67,90,AU,1553033717,94,-16.99,145.42,25.0,6.7
"petropavlovka,ru",-15.5,0,RU,1553033986,73,50.61,105.32,-15.5,1.21
"puerto ayora,ec",27.7,0,EC,1553032879,66,-0.74,-90.35,29.0,4.6
"lekoni,ga",24.26,36,GA,1553033986,79,-1.58,14.26,24.26,1.66
"mnogovershinnyy,ru",-22.2,0,RU,1553033986,61,53.94,139.92,-22.2,1.06
"khatanga,ru",-11.45,88,RU,1553033354,83,71.98,102.47,-11.45,5.01
"srandakan,id",21.56,92,ID,1553033987,99,-7.94,110.25,21.56,1.31
"dingle,ie",10.06,92,IE,1553033987,94,52.14,-10.27,10.06,3.86
"davila,ph",24.0,75,PH,1553029200,100,18.47,120.58,24.0,1.5
"jamestown,sh",24.61,0,SH,1553033297,100,-15.94,-5.72,24.61,5.21
"hobart,au",17.02,75,AU,1553033534,88,-42.88,147.33,18.0,3.1
"poum,nc",26.81,88,NC,1553033587,100,-20.23,164.02,26.81,3.66
"nargana,pa",26.81,92,PA,1553033987,99,9.44,-78.59,26.81,5.36
"fairbanks,us",-2.0,75,US,1553033210,63,64.84,-147.72,0.56,4.6
"margate,za",24.36,0,ZA,1553033987,92,-30.86,30.37,24.36,7.56
"arraial do cabo,br",29.0,0,BR,1553029200,79,-22.97,-42.02,29.0,2.6
"new norfolk,au",17.03,75,AU,1553033415,88,-42.78,147.06,18.0,3.1
"cape town,za",18.99,40,ZA,1553033178,88,-33.93,18.42,20.0,4.1
"upernavik,gl",-21.8,24,GL,1553033987,100,72.79,-56.15,-21.8,9.91
"albany,au",16.0,0,AU,1553029200,93,-35.02,117.88,16.0,1.5
"torbay,ca",-3.89,75,CA,1553033459,53,47.66,-52.73,-3.33,5.7
"vilyuysk,ru",-20.6,68,RU,1553033988,81,63.75,121.63,-20.6,1.11
"kamloops,ca",13.19,40,CA,1553033490,33,50.68,-120.34,15.0,5.1
"atuona,pf",27.66,44,PF,1553033583,100,-9.8,-139.03,27.66,6.31
"pacific grove,us",18.27,1,US,1553033724,49,36.62,-121.92,22.78,2.6
"ketchikan,us",14.56,1,US,1553032560,44,55.34,-131.65,17.0,2.1
"manacapuru,br",28.0,75,BR,1553029200,74,-3.3,-60.62,28.0,1.5
"trapani,it",11.81,40,IT,1553033949,71,38.02,12.54,15.0,5.1
"saskylakh,ru",-23.6,76,RU,1553033410,53,71.97,114.09,-23.6,1.61
"emerald,au",25.77,56,AU,1553033481,83,-23.53,148.16,26.67,1.5
"busselton,au",17.57,12,AU,1553033568,58,-33.64,115.35,18.33,6.76
"kruisfontein,za",20.31,88,ZA,1553033451,98,-34.0,24.73,20.31,4.46
"carutapera,br",26.51,88,BR,1553033988,91,-1.2,-46.02,26.51,1.96
"toora-khem,ru",-13.6,48,RU,1553033989,78,52.47,96.11,-13.6,1.41
"mao,td",25.96,0,TD,1553033583,17,14.12,15.31,25.96,4.76
"ushuaia,ar",10.57,40,AR,1553029200,61,-54.81,-68.31,11.0,6.2
"qaanaaq,gl",-32.95,0,GL,1553033418,81,77.48,-69.36,-32.95,3.86
"hithadhoo,mv",28.91,64,MV,1553033357,100,-0.6,73.08,28.91,2.41
"chapais,ca",-4.0,1,CA,1553029200,29,49.78,-74.86,-4.0,5.7
"longyearbyen,sj",-7.0,40,SJ,1553028600,85,78.22,15.64,-7.0,7.2
"zheleznodorozhnyy,ru",2.95,90,RU,1553032662,93,55.75,38.0,3.0,1.0
"kodiak,us",11.79,90,US,1553033424,65,39.95,-94.76,13.89,4.1
"uchiza,pe",24.21,12,PE,1553033989,91,-8.46,-76.46,24.21,1.21
"bredasdorp,za",19.0,56,ZA,1553029200,82,-34.53,20.04,19.0,1.0
"katherine,au",25.0,0,AU,1553031000,88,-14.47,132.26,25.0,1.46
"vostok,ru",3.21,92,RU,1553033579,96,46.45,135.83,3.21,2.76
"kapaa,us",24.52,1,US,1553033296,54,22.08,-159.32,26.0,4.1
"domoni,km",28.81,0,KM,1553033990,100,-12.26,44.53,28.81,1.86
"cidreira,br",23.86,48,BR,1553033436,80,-30.17,-50.22,23.86,3.86
"chuy,uy",20.46,20,UY,1553033585,80,-33.69,-53.46,20.46,7.61
"tura,ru",-18.85,24,RU,1553033990,67,64.27,100.22,-18.85,0.96
"derzhavinsk,kz",-8.05,24,KZ,1553033990,86,51.1,66.31,-8.05,5.11
"tautira,pf",28.94,75,PF,1553033590,74,-17.73,-149.15,29.0,3.1
"noumea,nc",26.0,0,NC,1553031000,78,-22.28,166.46,26.0,1.5
"michigan city,us",9.02,75,US,1553033986,34,41.71,-86.9,10.56,3.6
"ostrovnoy,ru",-0.95,80,RU,1553033595,96,68.05,39.51,-0.95,4.46
"faanui,pf",27.86,64,PF,1553033479,100,-16.48,-151.75,27.86,2.46
"bandarbeyla,so",25.81,0,SO,1553033990,100,9.49,50.81,25.81,4.46
"thompson,ca",7.0,20,CA,1553029200,52,55.74,-97.86,7.0,6.7
"narsaq,gl",-12.0,20,GL,1553028600,35,60.91,-46.05,-12.0,2.1
"prince rupert,ca",14.0,1,CA,1553029200,44,54.32,-130.32,14.0,2.6
"the pas,ca",8.0,1,CA,1553029200,49,53.82,-101.24,8.0,6.2
"rochegda,ru",-0.65,76,RU,1553033991,88,62.67,43.41,-0.65,1.56
"half moon bay,us",19.83,90,US,1553033581,48,37.46,-122.43,23.33,4.1
"schruns,at",-0.66,0,AT,1553033833,80,47.08,9.92,2.22,1.0
"eureka,us",14.09,1,US,1553033731,100,40.8,-124.16,15.56,4.6
"vila franca do campo,pt",12.89,75,PT,1553033942,82,37.72,-25.43,13.0,4.6
"tuatapere,nz",15.56,80,NZ,1553033407,91,-46.13,167.69,15.56,1.76
"tuktoyaktuk,ca",-7.0,90,CA,1553031840,85,69.44,-133.03,-7.0,4.1
"ambulu,id",24.51,24,ID,1553033605,100,-8.35,113.61,24.51,1.96
"bluff,nz",15.56,48,NZ,1553033407,91,-46.6,168.33,15.56,1.41
"vaini,to",27.0,20,TO,1553029200,78,-21.2,-175.2,27.0,3.1
"la ronge,ca",10.0,40,CA,1553029200,63,55.1,-105.3,10.0,5.7
"vao,nc",26.31,64,NC,1553033992,99,-22.67,167.48,26.31,6.56
"hambantota,lk",23.0,0,LK,1553029800,100,6.12,81.12,23.0,1.0
"pevek,ru",-22.85,56,RU,1553033587,99,69.7,170.27,-22.85,12.16
"belaya gora,ru",-33.3,12,RU,1553033992,44,68.54,146.19,-33.3,1.31
"nouadhibou,mr",18.0,76,MR,1553029200,82,20.93,-17.03,18.0,8.2
"pringsewu,id",24.16,44,ID,1553033992,84,-5.36,104.98,24.16,1.41
"starobaltachevo,ru",-9.6,0,RU,1553033992,66,56.0,55.92,-9.6,1.26
"port elizabeth,za",20.0,75,ZA,1553032800,94,-33.92,25.57,20.0,5.7
"mehamn,no",-3.57,0,NO,1553032200,85,71.03,27.85,-1.0,6.2
"kizukuri,jp",8.07,20,JP,1553033879,75,40.81,140.39,9.44,6.2
"saint-philippe,re",24.16,0,RE,1553033448,74,-21.36,55.77,27.0,3.1
"hermanus,za",18.33,92,ZA,1553032812,88,-34.42,19.24,18.33,0.89
"the valley,ai",26.41,40,AI,1553033819,58,18.22,-63.06,28.0,6.2
"miguel hidalgo,mx",26.11,75,MX,1553033589,20,19.41,-99.19,31.0,2.6
"manadhoo,mv",28.96,76,MV,1553033993,99,5.77,73.38,28.96,2.81
"tigzirt,dz",11.11,92,DZ,1553033560,86,36.57,4.2,11.11,0.89
"north platte,us",6.38,90,US,1553033783,75,41.12,-100.77,7.22,5.7
"mar del plata,ar",17.61,0,AR,1553033355,40,-46.43,-67.52,17.61,2.81
"punta arenas,cl",10.74,75,CL,1553033001,66,-53.16,-70.91,11.0,8.7
"escarcega,mx",29.66,8,MX,1553033993,57,18.61,-90.75,29.66,1.36
"esperance,au",18.0,88,AU,1553029200,82,-33.86,121.89,18.0,3.6
"khilok,ru",-13.8,0,RU,1553033994,69,51.36,110.46,-13.8,2.11
"lagoa,pt",15.28,0,PT,1553033528,67,37.14,-8.45,16.67,2.1
"tarut,sa",15.8,0,SA,1553032800,48,26.57,50.06,19.0,5.7
"college,us",-2.2,75,US,1553033498,63,64.86,-147.8,0.0,4.6
"pangnirtung,ca",-31.0,5,CA,1553029200,61,66.15,-65.72,-31.0,2.1
"katsuura,jp",5.41,20,JP,1553032272,100,33.93,134.5,6.11,4.6
"northam,au",20.0,90,AU,1553031000,100,-31.65,116.67,20.0,2.6
"castro,cl",11.0,90,CL,1553032800,62,-42.48,-73.76,11.0,2.6
"san cristobal,ec",19.31,88,EC,1553033994,99,-1.02,-79.44,19.31,1.46
"vardo,no",-4.6,20,NO,1553032200,79,70.37,31.11,-3.0,4.6
"georgetown,sh",27.51,80,SH,1553033994,100,-7.93,-14.42,27.51,4.36
"loukhi,ru",-3.2,36,RU,1553033995,86,66.08,33.04,-3.2,2.51
"bathsheba,bb",26.0,20,BB,1553032800,61,13.22,-59.52,26.0,6.7
"okhotsk,ru",-19.1,8,RU,1553033600,100,59.36,143.24,-19.1,1.16
"independence,us",15.68,1,US,1553033940,47,39.09,-94.42,17.22,5.1
"hamilton,bm",17.66,90,BM,1553033524,93,32.3,-64.78,18.0,4.1
"mecca,sa",19.76,0,SA,1553033901,80,21.43,39.83,19.76,1.26
"alice springs,au",19.0,0,AU,1553031000,29,-23.7,133.88,19.0,2.1
"arlit,ne",25.46,56,NE,1553033995,44,18.74,7.39,25.46,1.36
"inverness,ca",-2.78,20,CA,1553033750,42,46.26,-71.52,-1.67,7.7
"batavia,us",4.65,75,US,1553033551,38,43.0,-78.19,6.11,4.1
"los llanos de aridane,es",15.1,20,ES,1553031994,59,28.66,-17.92,18.0,5.7
"port moresby,pg",24.0,40,PG,1553029200,100,-9.47,147.16,24.0,5.1
"port blair,in",28.81,0,IN,1553033946,100,11.67,92.75,28.81,1.16
"viedma,ar",16.01,68,AR,1553033996,50,-40.81,-62.99,16.01,6.91
"zadar,hr",8.93,75,HR,1553033748,49,44.12,15.24,9.0,6.2
"walvis bay,na",16.07,0,NA,1553032931,87,-22.95,14.51,16.11,1.0
"ulladulla,au",19.19,40,AU,1553033806,100,-35.36,150.48,21.67,3.1
"clyde river,ca",-24.0,90,CA,1553032800,76,70.47,-68.59,-24.0,8.7
"mitsamiouli,km",28.81,100,KM,1553033996,93,-11.38,43.28,28.81,2.96
"khandyga,ru",-27.45,0,RU,1553033996,50,62.65,135.58,-27.45,1.06
"fortuna,us",14.08,1,US,1553033532,100,40.6,-124.16,15.56,4.6
"barao de melgaco,br",35.0,40,BR,1553029200,56,-16.19,-55.97,35.0,2.1
"suez,eg",9.46,0,EG,1553033890,80,29.97,32.54,9.46,1.41
"nobres,br",31.81,0,BR,1553033997,68,-14.72,-56.34,31.81,1.51
"saldanha,za",19.0,76,ZA,1553029200,88,-33.01,17.94,19.0,3.6
"te anau,nz",13.26,12,NZ,1553033997,86,-45.41,167.72,13.26,1.61
"souillac,mu",26.55,40,MU,1553033343,88,-20.52,57.52,27.0,2.6
"vila velha,br",25.89,75,BR,1553033425,88,-3.71,-38.6,26.11,1.0
"sioux lookout,ca",2.38,90,CA,1553029200,69,50.1,-91.92,3.0,3.6
"kabompo,zm",20.91,0,ZM,1553033997,80,-13.6,24.21,20.91,1.26
"san andres,co",27.0,75,CO,1553029200,88,8.22,-76.58,27.0,2.1
"pangai,to",29.0,40,TO,1553029200,74,-19.8,-174.35,29.0,2.6
"cabo san lucas,mx",25.65,5,MX,1553033808,38,22.89,-109.91,27.78,3.1
"meulaboh,id",26.16,48,ID,1553033998,100,4.14,96.13,26.16,1.41
"dikson,ru",-10.45,56,RU,1553033575,88,73.51,80.55,-10.45,2.86
"saint george,bm",17.65,90,BM,1553033524,93,32.38,-64.68,18.0,4.1
"shache,cn",10.0,64,CN,1553033989,35,38.42,77.24,10.0,1.71
"hami,cn",-1.45,12,CN,1553033998,79,42.84,93.51,-1.45,1.36
"cherskiy,ru",-26.5,76,RU,1553033582,69,68.75,161.3,-26.5,2.86
"irbit,ru",-10.3,0,RU,1553033998,81,57.67,63.06,-10.3,3.01
"dukat,ru",-27.8,36,RU,1553033998,47,62.55,155.55,-27.8,1.16
"guerrero negro,mx",21.31,0,MX,1553033764,46,27.97,-114.04,21.31,4.46
"yellowknife,ca",2.85,20,CA,1553033572,69,62.45,-114.38,3.89,3.6
"nyamuswa,tz",18.41,32,TZ,1553033999,83,-1.9,34.02,18.41,0.51
"okmulgee,us",20.96,1,US,1553033956,28,35.62,-95.96,22.0,7.2
"mpika,zm",18.71,64,ZM,1553033999,88,-11.84,31.4,18.71,1.21
"bosorod,ro",7.22,92,RO,1553033706,89,45.68,23.08,7.22,0.45
"sao joao da barra,br",29.0,40,BR,1553029200,74,-21.64,-41.05,29.0,4.1
"san patricio,mx",27.0,20,MX,1553028000,74,19.22,-104.7,27.0,7.7
"ahipara,nz",19.56,0,NZ,1553033999,88,-35.17,173.16,19.56,3.11
"east london,za",24.96,8,ZA,1553033355,97,-33.02,27.91,24.96,4.31
"abha,sa",17.53,0,SA,1553029200,39,18.22,42.5,18.0,3.6
"ouadda,cf",28.16,0,CF,1553033999,25,8.07,22.4,28.16,6.16
"mogadishu,so",27.76,0,SO,1553033902,98,2.04,45.34,27.76,8.81
"verkhnyaya inta,ru",1.01,88,RU,1553033999,90,65.99,60.32,1.01,3.06
"carnarvon,au",23.0,75,AU,1553029200,78,-24.87,113.63,23.0,5.7
"itarema,br",27.41,44,BR,1553033999,81,-2.92,-39.92,27.41,2.51
"ribeira grande,pt",16.0,40,PT,1553029200,67,38.52,-28.7,16.0,7.7
"klaksvik,fo",5.0,64,FO,1553032200,90,62.23,-6.59,5.0,11.3
"presidente medici,br",30.81,20,BR,1553034000,75,-11.18,-61.9,30.81,1.06
"huarmey,pe",25.66,20,PE,1553034000,59,-10.07,-78.15,25.66,1.71
"cayenne,gf",27.0,100,GF,1553032800,78,4.94,-52.33,27.0,3.6
"praia,cv",23.0,0,CV,1553029200,56,14.92,-23.51,23.0,6.2
"norman wells,ca",12.0,20,CA,1553029200,37,65.28,-126.83,12.0,1.0
"luwuk,id",24.36,8,ID,1553034000,97,-0.95,122.79,24.36,1.16
"nanortalik,gl",-7.8,36,GL,1553033421,100,60.14,-45.24,-7.8,2.96
"sorong,id",26.81,56,ID,1553034000,100,-0.86,131.25,26.81,3.21
"karratha,au",28.21,92,AU,1553034000,68,-20.74,116.85,28.21,4.76
"byron bay,au",23.58,90,AU,1553033800,78,-28.65,153.62,26.11,3.1
"manga,bf",30.06,68,BF,1553034001,31,11.67,-1.07,30.06,1.66
"lompoc,us",17.53,1,US,1553033450,59,34.64,-120.46,22.0,4.6
"ponta do sol,pt",13.69,40,PT,1553033889,72,32.67,-17.1,16.0,7.7
"tiksi,ru",-35.2,0,RU,1553033602,52,71.64,128.87,-35.2,1.66
"provideniya,ru",-16.0,75,RU,1553031000,77,64.42,-173.23,-16.0,3.0
"tecoanapa,mx",30.0,5,MX,1553028600,66,16.99,-99.26,30.0,4.6
"nome,us",21.45,1,US,1553033993,28,30.04,-94.42,22.78,4.6
"zhangjiakou,cn",5.96,92,CN,1553034001,63,40.77,114.88,5.96,1.41
"ancud,cl",11.0,90,CL,1553032800,62,-41.87,-73.83,11.0,2.6
"grand gaube,mu",26.55,40,MU,1553033943,83,-20.01,57.66,27.0,2.6
"yenagoa,ng",26.56,0,NG,1553034001,80,4.92,6.26,26.56,3.41
"caravelas,br",28.91,0,BR,1553033941,99,-17.73,-39.27,28.91,7.01
"smithers,ca",9.0,5,CA,1553029200,49,54.78,-127.17,9.0,1.5
"nouna,bf",29.51,12,BF,1553034002,45,12.73,-3.87,29.51,1.86
"hay river,ca",14.0,40,CA,1553032800,28,60.82,-115.79,14.0,5.7
"komsomolskiy,ru",-2.9,80,RU,1553033595,93,67.55,63.78,-2.9,7.46
"portobelo,pa",30.2,40,PA,1553033707,66,9.55,-79.65,31.0,3.6
"farafenni,gm",28.91,0,GM,1553034002,44,13.57,-15.6,28.91,1.41
"pramanta,gr",7.06,48,GR,1553033739,80,39.52,21.1,9.44,0.86
"kilindoni,tz",27.96,100,TZ,1553034002,100,-7.91,39.67,27.96,4.11
"muroto,jp",6.0,20,JP,1553029800,75,33.37,134.14,6.0,3.1
"sur,om",21.16,0,OM,1553033359,99,22.57,59.53,21.16,1.16
"kaifeng,cn",15.0,0,CN,1553029200,72,34.8,114.35,15.0,3.0
"bucerias,mx",25.0,5,MX,1553033734,73,20.76,-105.33,25.0,6.2
"luderitz,na",16.26,24,NA,1553033587,91,-26.65,15.16,16.26,5.71
"aligudarz,ir",-8.0,0,IR,1553034003,68,33.4,49.69,-8.0,2.51
"nyagan,ru",-3.45,12,RU,1553034003,92,62.14,65.43,-3.45,3.21
"north bend,us",15.39,1,US,1553033768,81,43.41,-124.22,24.44,3.6
"victoria,sc",28.0,20,SC,1553029200,78,-4.62,55.45,28.0,3.1
"parabel,ru",-3.75,80,RU,1553034004,85,58.71,81.5,-3.75,1.11
"rocha,uy",19.31,12,UY,1553033515,59,-34.48,-54.34,19.31,5.76
"beringovskiy,ru",-22.0,0,RU,1553034004,100,63.05,179.32,-22.0,2.56
"hasaki,jp",6.81,20,JP,1553033075,75,35.73,140.83,8.89,3.6
"muravlenko,ru",-6.25,64,RU,1553034004,89,63.79,74.5,-6.25,4.16
"necochea,ar",13.89,64,AR,1553033788,76,-38.55,-58.74,13.89,0.45
"tallahassee,us",18.25,1,US,1553033968,42,30.44,-84.28,20.0,3.6
"butaritari,ki",25.01,92,KI,1553033579,100,3.07,172.79,25.01,5.36
"yorosso,ml",29.91,64,ML,1553034004,53,12.35,-4.78,29.91,0.86
"salamiyah,sy",6.26,0,SY,1553034004,83,35.01,37.05,6.26,1.46
"kaitangata,nz",14.56,24,NZ,1553033907,84,-46.28,169.85,14.56,2.06
"salaga,gh",32.66,76,GH,1553034005,46,8.55,-0.52,32.66,5.51
"hobyo,so",26.81,88,SO,1553034005,84,5.35,48.53,26.81,5.71
"luanda,ao",26.0,75,AO,1553032800,94,-8.83,13.24,26.0,1.5
"pombia,gr",12.03,20,GR,1553033965,93,35.01,24.87,12.22,2.6
"krasnyy chikoy,ru",-10.15,64,RU,1553034005,66,50.36,108.75,-10.15,1.46
"mulege,mx",27.06,32,MX,1553034005,22,26.88,-111.98,27.06,2.06
"salalah,om",25.0,0,OM,1553028600,73,17.01,54.1,25.0,1.5
"mushie,cd",26.06,20,CD,1553034005,89,-3.02,16.92,26.06,1.01
"isangel,vu",26.0,90,VU,1553029200,94,-19.55,169.27,26.0,7.26
"norrtalje,se",-2.66,0,SE,1553033929,92,59.76,18.7,-0.57,2.1
"richards bay,za",23.71,24,ZA,1553033369,90,-28.77,32.06,23.71,3.91
"shiozawa,jp",5.21,0,JP,1553034001,79,37.03,138.85,7.22,1.21
"kencong,id",20.01,64,ID,1553033728,96,-7.78,112.24,20.01,0.96
"sharjah,ae",18.97,20,AE,1553033354,64,25.36,55.39,21.11,2.6
"rabo de peixe,pt",12.89,75,PT,1553034004,82,37.8,-25.58,13.0,4.6
"takoradi,gh",28.46,0,GH,1553034006,99,4.89,-1.75,28.46,3.66
"cabra,ph",26.76,0,PH,1553034006,100,13.89,120.05,26.76,10.96
"flinders,au",21.15,40,AU,1553034006,100,-34.58,150.85,22.78,3.1
"khuzhir,ru",-10.85,8,RU,1553034006,78,53.19,107.35,-10.85,2.51
"octeville,fr",7.44,75,FR,1553033982,93,49.63,-1.64,8.89,2.1
"jiuquan,cn",-9.3,80,CN,1553033372,86,39.73,98.49,-9.3,1.51
"kinsale,ie",9.0,20,IE,1553031000,93,51.71,-8.52,9.0,5.1
"marsala,it",11.45,20,IT,1553033771,93,37.8,12.44,15.0,1.5
"charyshskoye,ru",-14.6,0,RU,1553034007,78,51.4,83.56,-14.6,1.16
"hofn,is",4.61,8,IS,1553033422,98,64.25,-15.21,4.61,12.76
"itoigawa,jp",3.89,0,JP,1553033555,93,37.02,137.87,3.89,2.36
"saint marys,us",5.36,90,US,1553033810,38,41.43,-78.56,7.22,5.1
"khakhea,bw",24.46,56,BW,1553034007,47,-24.69,23.5,24.46,0.21
"pivijay,co",28.52,20,CO,1553033785,66,10.46,-74.62,30.0,5.1
"bronte,it",12.86,75,IT,1553034003,87,37.79,14.83,15.0,3.1
"abja-paluoja,ee",0.56,88,EE,1553033897,94,58.13,25.36,0.56,4.02
"fort wellington,gy",26.56,8,GY,1553034008,95,6.4,-57.6,26.56,5.76
"trairi,br",28.46,8,BR,1553034008,100,-3.28,-39.27,28.46,2.76
"mount isa,au",25.0,8,AU,1553031000,65,-20.73,139.49,25.0,0.5
"kangaatsiaq,gl",-22.05,24,GL,1553034008,100,68.31,-53.46,-22.05,3.36
"le marin,mq",27.69,75,MQ,1553032800,65,14.47,-60.87,28.0,4.6
"nikolskoye,ru",1.65,75,RU,1553033435,94,59.7,30.79,2.22,2.11
"lakes entrance,au",19.61,92,AU,1553033902,98,-37.88,147.99,20.56,1.41
"harrisburg,us",8.58,1,US,1553034006,31,40.27,-76.89,9.44,3.1
"tasiilaq,gl",-13.0,0,GL,1553028600,65,65.61,-37.64,-13.0,6.2
"namatanai,pg",28.01,0,PG,1553034009,100,-3.66,152.44,28.01,2.06
"inta,ru",1.16,92,RU,1553034009,92,66.04,60.13,1.16,3.31
"severo-kurilsk,ru",-1.5,56,RU,1553033762,100,50.68,156.12,-1.5,9.31
"bethel,us",-8.52,1,US,1553032560,72,60.79,-161.76,-7.0,4.6
"taoudenni,ml",16.71,0,ML,1553033773,17,22.68,-3.98,16.71,2.11
"akdepe,tm",7.58,24,TM,1553031000,48,42.05,59.39,8.0,3.1
"stokmarknes,no",3.03,40,NO,1553033804,59,68.56,14.91,3.89,9.8
"henties bay,na",16.11,0,NA,1553032931,94,-22.12,14.28,16.11,3.13
"bambanglipuro,id",21.56,92,ID,1553034010,99,-7.95,110.28,21.56,1.31
"krasnohrad,ua",1.51,12,UA,1553034010,78,49.38,35.45,1.51,1.46
"erzin,ru",-18.65,24,RU,1553034010,68,50.26,95.16,-18.65,1.31
"cabedelo,br",28.0,0,BR,1553029200,83,-6.97,-34.84,28.0,2.1
"zhireken,ru",-14.3,0,RU,1553034010,66,52.82,117.29,-14.3,0.71
"port lincoln,au",15.41,56,AU,1553034010,100,-34.72,135.86,15.41,3.01
"liverpool,ca",1.11,64,CA,1553033826,38,44.04,-64.71,1.11,3.58
"glendive,us",4.19,1,US,1553032560,56,47.11,-104.71,6.0,6.2
"constitucion,mx",21.71,5,MX,1553032825,12,23.99,-104.67,22.78,2.6
"korcula,hr",8.93,75,HR,1553032800,81,42.96,17.14,9.0,1.0
"tyup,kg",-5.4,68,KG,1553034011,95,42.73,78.36,-5.4,0.86
"montlucon,fr",1.67,0,FR,1553033752,80,46.33,2.6,1.67,2.86
"mahebourg,mu",26.54,40,MU,1553033343,88,-20.41,57.7,27.0,2.6
"bongandanga,cd",26.26,48,CD,1553034011,78,1.51,21.07,26.26,1.76
"tomatlan,mx",29.01,0,MX,1553034011,49,19.93,-105.25,29.01,2.11
"benxi,cn",11.0,64,CN,1553032800,53,41.29,123.76,11.0,3.0
"koumac,nc",25.46,92,NC,1553034011,91,-20.56,164.28,25.46,3.21
"oistins,bb",26.0,20,BB,1553032800,61,13.07,-59.53,26.0,6.7
"huntington,us",6.99,75,US,1553033767,52,40.87,-73.43,9.0,4.6
"fort nelson,ca",14.0,20,CA,1553029200,28,58.81,-122.69,14.0,1.16
"nkhotakota,mw",23.51,48,MW,1553034012,95,-12.93,34.3,23.51,1.11
"chokurdakh,ru",-32.1,12,RU,1553033351,39,70.62,147.9,-32.1,2.51
"cherepovets,ru",1.16,88,RU,1553034012,91,59.13,37.92,1.16,4.21
"camargo,mx",22.26,0,MX,1553034012,25,27.69,-105.17,22.26,2.31
"mayumba,ga",26.71,76,GA,1553034012,98,-3.44,10.65,26.71,2.11
"houston,ca",9.0,5,CA,1553029200,49,54.4,-126.65,9.0,1.5
"nsoko,sz",21.34,0,SZ,1553032800,100,-27.03,31.95,23.0,1.0
"arandis,na",16.11,0,NA,1553032931,94,-22.42,14.98,16.11,3.13
"bouza,ne",25.16,0,NE,1553034013,37,14.42,6.04,25.16,2.31
"madera,mx",14.81,32,MX,1553034013,57,29.2,-108.14,14.81,1.56
"nemuro,jp",-1.05,44,JP,1553034013,100,43.32,145.57,-1.05,3.66
"dubrovka,ru",1.64,75,RU,1553033957,91,59.85,30.93,2.22,2.31
"sola,vu",29.0,75,VU,1553029200,83,-13.88,167.55,29.0,1.0
"maragogi,br",28.41,12,BR,1553033596,83,-9.01,-35.22,28.41,4.36
"villamontes,bo",25.66,100,BO,1553034013,76,-21.26,-63.47,25.66,1.51
"atikokan,ca",5.51,44,CA,1553034013,65,48.76,-91.62,5.51,3.76
"hauterive,ca",-5.05,1,CA,1553033844,62,49.18,-68.27,-3.33,6.7
"husavik,is",4.0,75,IS,1553032800,55,66.04,-17.34,4.0,6.7
"nara,ml",28.21,32,ML,1553034014,44,15.17,-7.29,28.21,1.66
"lodingen,no",3.05,0,NO,1553033804,59,68.41,16.0,3.89,7.2
"maldonado,uy",18.0,75,UY,1553029200,63,-34.91,-54.96,18.0,6.2
"dinan,fr",9.0,90,FR,1553033781,87,48.45,-2.05,9.44,1.0
"hongjiang,cn",21.06,0,CN,1553034015,76,27.21,109.83,21.06,6.61
"morros,br",28.0,75,BR,1553029200,83,-2.87,-44.04,28.0,6.7
"quatre cocos,mu",26.5,40,MU,1553033943,83,-20.21,57.76,27.0,2.6
"lidkoping,se",0.36,24,SE,1553034009,86,58.51,13.16,1.0,5.1
"maple creek,ca",7.71,0,CA,1553034015,79,49.91,-109.46,7.71,2.96
"portland,au",15.76,68,AU,1553033885,99,-33.35,149.98,16.67,0.91
"coquimbo,cl",17.0,0,CL,1553032800,67,-29.95,-71.34,17.0,5.7
"camopi,gf",29.91,32,GF,1553034016,60,3.17,-52.33,29.91,2.01
"inuvik,ca",-2.0,20,CA,1553032800,79,68.36,-133.71,-2.0,4.1
"mandurah,au",20.28,40,AU,1553033880,100,-32.55,115.7,21.11,2.1
"hadejia,ng",26.71,0,NG,1553034016,21,12.45,10.04,26.71,3.86
"berdigestyakh,ru",-26.25,48,RU,1553034016,44,62.1,126.7,-26.25,1.21
"bambous virieux,mu",26.47,40,MU,1553033943,83,-20.34,57.76,27.0,2.6
"nieuw amsterdam,sr",26.4,40,SR,1553034013,88,5.88,-55.08,27.0,3.1
"thoubal,in",12.66,8,IN,1553034017,92,24.61,94.03,12.66,0.86
"luena,ao",18.71,8,AO,1553034017,90,-11.78,19.91,18.71,0.51
"santa maria,cv",21.0,75,CV,1553032800,83,16.6,-22.9,21.0,5.7
"luby,cz",0.42,90,CZ,1553034016,92,50.25,12.41,2.22,1.21
"labuhan,id",22.21,36,ID,1553034017,94,-2.54,115.51,22.21,0.31
"biak,id",24.36,8,ID,1553034017,97,-0.91,122.88,24.36,1.16
"ayagoz,kz",-10.05,20,KZ,1553034018,84,47.96,80.43,-10.05,6.31
"chicama,pe",22.0,75,PE,1553032800,83,-7.84,-79.15,22.0,4.1
"presidencia roque saenz pena,ar",27.71,92,AR,1553033875,68,-26.79,-60.44,27.71,3.76
"ferrol,es",9.96,20,ES,1553034004,81,43.48,-8.23,11.67,2.1
"zanzibar,tz",27.0,20,TZ,1553029200,83,-6.16,39.2,27.0,3.1
"eyl,so",24.56,76,SO,1553034018,100,7.98,49.82,24.56,4.91
"kalemie,cd",25.61,24,CD,1553034018,99,-5.95,29.2,25.61,1.71
"waingapu,id",24.56,92,ID,1553034019,97,-9.65,120.26,24.56,3.11
"dunedin,nz",15.56,0,NZ,1553033674,92,-45.87,170.5,15.56,1.86
"chulman,ru",-18.85,36,RU,1553034019,74,56.84,124.9,-18.85,1.16
"dongsheng,cn",19.06,36,CN,1553034019,93,29.72,112.52,19.06,6.16
"udarnyy,ru",1.61,88,RU,1553034019,94,54.34,42.86,1.61,4.46
"berlevag,no",-5.34,0,NO,1553032200,79,70.86,29.09,-5.0,5.7
"sitka,us",13.89,92,US,1553032864,47,37.17,-99.65,13.89,4.92
"vanavara,ru",-16.85,8,RU,1553034020,67,60.35,102.28,-16.85,1.16
"hualmay,pe",24.86,12,PE,1553033966,69,-11.1,-77.61,24.86,2.21
"lodwar,ke",24.81,8,KE,1553034020,54,3.12,35.6,24.81,2.61
"inhambane,mz",24.66,0,MZ,1553034020,100,-23.87,35.38,24.66,3.41
"czarnkow,pl",1.56,76,PL,1553033912,72,52.9,16.56,3.33,1.5
"grants,us",14.0,90,US,1553032500,30,35.15,-107.85,14.0,4.1
"najran,sa",21.0,5,SA,1553029200,43,17.54,44.22,21.0,2.1
"egvekinot,ru",-27.0,0,RU,1553034020,45,66.32,-179.17,-27.0,1.26
"kasongo-lunda,cd",20.26,80,CD,1553034021,96,-6.48,16.82,20.26,0.96
"pontes e lacerda,br",30.51,0,BR,1553034021,75,-15.23,-59.33,30.51,1.56
"buraydah,sa",18.0,20,SA,1553029200,45,26.33,43.97,18.0,4.6
"la roche-sur-yon,fr",6.65,20,FR,1553033826,87,46.67,-1.43,8.0,1.5
"monrovia,lr",27.0,40,LR,1553032800,94,6.33,-10.8,27.0,3.01
"hrob,cz",3.34,20,CZ,1553034017,81,50.66,13.73,5.0,1.5
"tadine,nc",26.76,80,NC,1553033910,94,-21.55,167.88,26.76,6.81
"pitimbu,br",28.0,0,BR,1553029200,83,-7.47,-34.81,28.0,2.1
"thinadhoo,mv",29.41,92,MV,1553034022,100,0.53,72.93,29.41,3.71
"lebu,cl",12.96,8,CL,1553033576,93,-37.62,-73.65,12.96,11.86
"sangar,ru",-29.45,0,RU,1553034022,59,63.92,127.47,-29.45,0.31
"pandharpur,in",20.81,0,IN,1553034022,44,17.68,75.33,20.81,2.31
"kahului,us",23.72,20,US,1553033856,57,20.89,-156.47,25.0,6.2
"taltal,cl",21.41,0,CL,1553033580,67,-25.41,-70.49,21.41,1.61
"yatou,cn",-4.2,0,CN,1553034022,100,33.81,104.32,-4.2,0.76
"christchurch,nz",17.47,0,NZ,1553034004,88,-43.53,172.64,20.0,2.6
"lavrentiya,ru",-18.45,0,RU,1553033350,100,65.58,-170.99,-18.45,6.21
"dampit,id",21.71,92,ID,1553034022,98,-7.39,111.58,21.71,1.51
"bethanien,na",22.16,0,NA,1553034023,20,-26.5,17.16,22.16,2.61
"charters towers,au",22.66,32,AU,1553034023,90,-20.07,146.27,22.66,1.76
"willowmore,za",15.86,8,ZA,1553034023,88,-33.3,23.49,15.86,1.91
"miri,my",23.93,75,MY,1553029200,100,4.41,114.01,24.0,1.01
"nuuk,gl",-15.0,75,GL,1553032200,77,64.17,-51.74,-15.0,6.7
"bukama,cd",23.71,12,CD,1553034023,85,-9.2,25.85,23.71,1.31
"alta floresta,br",26.0,20,BR,1553029200,94,-9.87,-56.08,26.0,1.0
"olhao,pt",15.14,0,PT,1553033886,67,37.03,-7.84,16.11,2.1
"burley,us",14.0,1,US,1553028780,17,42.54,-113.79,14.0,5.1
"xudat,az",2.21,92,AZ,1553034024,100,41.63,48.68,2.21,1.06
"sao filipe,cv",22.41,32,CV,1553033600,92,14.9,-24.5,22.41,5.81
"ochsenfurt,de",0.92,75,DE,1553034013,100,49.67,10.07,2.78,1.26
"san vicente,ph",26.61,92,PH,1553034024,100,14.11,122.87,26.61,7.91
"along,in",10.96,80,IN,1553034024,96,28.17,94.8,10.96,0.66
"iskateley,ru",-0.15,56,RU,1553034025,88,67.68,53.15,-0.15,6.71
"kulhudhuffushi,mv",28.81,68,MV,1553034025,100,6.62,73.07,28.81,2.21
"bantou,cn",14.16,32,CN,1553034025,90,26.22,117.49,14.16,1.16
"volovo,ru",0.96,92,RU,1553034025,92,53.55,38.01,0.96,3.76
"sandwick,gb",8.41,90,GB,1553033745,100,54.57,-2.89,8.89,7.7
"ponta do sol,cv",22.0,75,CV,1553029200,73,17.2,-25.09,22.0,8.2
"bima,id",24.96,80,ID,1553034025,100,-8.45,118.73,24.96,2.56
"isla aguada,mx",25.0,90,MX,1553028540,78,18.78,-91.49,25.0,3.6
"talara,pe",17.0,0,PE,1553032800,290,-4.58,-81.27,17.0,4.1
"honiara,sb",24.56,68,SB,1553034026,100,-9.43,159.96,24.56,0.21
"shirochanka,ru",5.71,0,RU,1553034026,89,46.66,38.33,5.71,5.11
"balabac,ph",26.36,88,PH,1553034026,100,7.99,117.06,26.36,5.11
"westport,ie",8.9,92,IE,1553033893,94,53.8,-9.52,9.44,4.56
"waipawa,nz",18.33,32,NZ,1553033897,72,-39.94,176.59,18.33,0.89
"zyryanka,ru",-29.55,0,RU,1553034026,61,65.73,150.89,-29.55,1.06
"tromso,no",-2.47,0,NO,1553032200,59,69.65,18.96,1.0,19.5
"bilma,ne",22.21,0,NE,1553034026,22,18.69,12.92,22.21,3.46
"lorengau,pg",27.91,92,PG,1553033398,100,-2.02,147.27,27.91,4.51
"senanga,zm",26.31,32,ZM,1553034027,38,-16.1,23.3,26.31,3.61
"conroe,us",21.05,1,US,1553033860,26,30.31,-95.46,22.22,4.6
"kapit,my",24.21,92,MY,1553034027,91,2.02,112.94,24.21,0.66
"jackson,us",15.21,1,US,1553034019,21,35.61,-88.82,16.11,3.1
"yulara,au",25.0,64,AU,1553029200,29,-25.24,130.99,25.0,2.6
"kokoda,pg",17.96,88,PG,1553034028,97,-8.88,147.74,17.96,0.46
"utinga,br",29.0,20,BR,1553029200,79,-5.82,-35.4,29.0,3.6
"rawson,ar",16.76,80,AR,1553034028,36,-43.3,-65.11,16.76,3.66
"porto novo,cv",22.0,75,CV,1553029200,73,17.02,-25.06,22.0,8.2
"kota belud,my",24.24,75,MY,1553034016,94,6.35,116.43,25.0,1.5
"yumen,cn",-6.05,80,CN,1553034028,72,40.29,97.04,-6.05,2.91
"calama,cl",23.0,0,CL,1553032800,8,-22.46,-68.93,23.0,10.8
"hirara,jp",20.0,75,JP,1553031000,88,24.8,125.28,20.0,2.6
"koundara,gn",28.61,0,GN,1553034028,34,12.49,-13.3,28.61,2.51
"panuco,mx",21.0,5,MX,1553028180,14,22.88,-102.54,21.0,10.8
"wegrow,pl",2.02,68,PL,1553033902,85,52.4,22.02,3.89,2.68
"chilca,pe",19.0,20,PE,1553032800,34,-13.22,-72.34,19.0,1.0
"kavieng,pg",28.46,8,PG,1553033507,100,-2.57,150.8,28.46,2.21
"puerto madero,mx",33.0,20,MX,1553031600,49,14.72,-92.42,33.0,6.2
"gorontalo,id",22.31,8,ID,1553033602,93,0.54,123.06,22.31,0.96
"bukachacha,ru",-14.3,0,RU,1553034029,66,52.99,116.91,-14.3,0.71
"shubarshi,kz",0.21,64,KZ,1553034029,80,48.59,57.19,0.21,4.06
"aswan,eg",22.0,0,EG,1553029200,14,24.09,32.9,22.0,3.1
"puerto baquerizo moreno,ec",28.0,75,EC,1553032800,78,-0.9,-89.6,28.0,2.6
"cerrik,al",8.0,0,AL,1553034000,93,41.03,19.98,8.0,2.1
"noordwijkerhout,nl",6.76,75,NL,1553034028,81,52.26,4.49,8.33,3.6
"elko,us",13.15,1,US,1553033824,26,40.83,-115.76,15.0,4.6
"namibe,ao",24.71,0,AO,1553034030,100,-15.19,12.15,24.71,5.46
"gangapur,in",18.21,0,IN,1553034030,51,19.7,75.01,18.21,3.31
"lubao,cd",23.41,36,CD,1553034030,92,-5.39,25.75,23.41,1.11
"treinta y tres,uy",21.96,88,UY,1553033581,54,-33.23,-54.39,21.96,6.21
"ixil,mx",27.08,75,MX,1553033814,57,21.15,-89.48,27.22,3.1
"vrangel,ru",2.16,0,RU,1553034031,97,42.73,133.08,2.16,2.06
"kaeo,nz",21.67,0,NZ,1553033285,69,-35.1,173.78,21.67,4.02
"dharchula,in",0.71,32,IN,1553034031,88,29.85,80.53,0.71,0.86
"karibib,na",19.96,0,NA,1553034031,78,-21.94,15.86,19.96,1.16
"jalu,ly",18.21,68,LY,1553033967,29,29.03,21.55,18.21,2.51
"mekhe,sn",22.0,0,SN,1553032800,64,15.11,-16.62,22.0,7.2
"angoche,mz",28.16,8,MZ,1553034031,100,-16.23,39.91,28.16,6.51
"srednekolymsk,ru",-29.45,24,RU,1553033597,61,67.46,153.71,-29.45,1.11
"nexo,dk",3.0,0,DK,1553032200,69,55.06,15.13,3.0,2.6
"pochutla,mx",31.04,40,MX,1553033806,48,15.74,-96.47,31.11,5.1
"broome,au",27.0,44,AU,1553031000,88,-17.97,122.23,27.0,2.6
"sistranda,no",3.35,75,NO,1553033973,80,63.73,8.83,4.0,6.2
"bachaquero,ve",31.81,20,VE,1553034032,67,9.96,-71.12,31.81,1.66
"princeton,us",10.43,1,US,1553033853,46,41.37,-89.46,11.67,2.6
"astana,kz",-12.0,0,KZ,1553031000,85,51.13,71.43,-12.0,4.0
"vestmanna,fo",5.0,92,FO,1553032200,94,62.16,-7.17,5.0,11.3
"geraldton,au",21.0,90,AU,1553031000,83,-28.77,114.6,21.0,0.5
"havoysund,no",0.01,40,NO,1553032200,74,71.0,24.66,1.0,8.7
"bubaque,gw",25.96,0,GW,1553034033,95,11.28,-15.83,25.96,4.81
"mujiayingzi,cn",11.81,92,CN,1553034033,43,42.12,118.78,11.81,3.66
"puerto barrios,gt",29.0,20,GT,1553029200,66,15.72,-88.58,29.0,4.1
"hashtgerd,ir",8.47,75,IR,1553033591,52,35.96,50.69,8.89,2.1
"puerto escondido,mx",28.21,0,MX,1553034033,100,15.86,-97.07,28.21,2.86
"kichera,ru",-15.25,64,RU,1553034033,79,55.93,110.1,-15.25,0.91
"piacabucu,br",30.21,0,BR,1553033582,65,-10.41,-36.43,30.21,5.21
"powell river,ca",16.57,40,CA,1553033824,83,49.84,-124.52,18.89,3.6
"bonavista,ca",-3.33,48,CA,1553032901,61,48.65,-53.11,-3.33,2.24
"rovaniemi,fi",-7.0,0,FI,1553032200,92,66.5,25.72,-7.0,2.1
"palestine,us",20.98,40,US,1553033827,28,31.76,-95.63,21.67,2.6
"itacarambi,br",32.41,20,BR,1553034034,48,-15.1,-44.09,32.41,1.31
"puerto boyaca,co",28.71,24,CO,1553034034,69,5.98,-74.59,28.71,1.41
"beyneu,kz",4.61,36,KZ,1553034034,96,45.32,55.19,4.61,2.06
"diapaga,bf",27.41,0,BF,1553034035,28,12.07,1.79,27.41,3.01
"soure,br",26.81,64,BR,1553034035,92,-0.72,-48.52,26.81,2.46
"aitape,pg",25.81,36,PG,1553034035,99,-3.15,142.36,25.81,4.31
"bluefields,ni",29.0,20,NI,1553029200,70,12.01,-83.77,29.0,3.1
"hailar,cn",-8.7,64,CN,1553034035,61,49.2,119.7,-8.7,4.51
"pemberton,ca",12.0,5,CA,1553032800,32,50.32,-122.8,12.0,2.6
"arinos,br",30.51,68,BR,1553034035,54,-15.92,-46.11,30.51,2.96
"aksarka,ru",-3.1,92,RU,1553034035,90,66.56,67.8,-3.1,6.71
"chumikan,ru",-21.75,0,RU,1553034035,60,54.72,135.31,-21.75,0.41
"kinablangan,ph",24.31,92,PH,1553034036,100,7.69,126.55,24.31,1.41
"mayo,ca",12.0,75,CA,1553029200,37,63.59,-135.9,12.0,3.6
"talcahuano,cl",16.0,0,CL,1553032800,48,-36.72,-73.12,16.0,8.7
"behbahan,ir",9.0,0,IR,1553032800,61,30.59,50.24,9.0,1.21
"mporokoso,zm",18.26,64,ZM,1553034036,97,-9.37,30.12,18.26,0.86
"ankazobe,mg",18.0,40,MG,1553032800,93,-18.32,47.12,18.0,2.1
"mahibadhoo,mv",28.66,56,MV,1553034036,100,3.78,72.97,28.66,4.21
"kirakira,sb",28.41,36,SB,1553034036,100,-10.46,161.92,28.41,1.26
"mantua,cu",29.01,20,CU,1553033600,55,22.29,-84.28,29.01,4.16
"turukhansk,ru",-12.7,88,RU,1553034037,84,65.8,87.96,-12.7,4.91
"two rivers,us",7.8,40,US,1553034005,52,44.15,-87.57,8.89,5.7
"sorland,no",2.0,75,NO,1553030400,74,67.67,12.69,2.0,10.3
"havelock,us",10.8,90,US,1553034032,40,34.88,-76.9,13.33,6.7
"anadyr,ru",-20.49,0,RU,1553033594,76,64.73,177.51,-20.0,3.0
"padang,id",28.41,56,ID,1553033579,100,-0.92,100.36,28.41,2.96
"salym,ru",-5.6,12,RU,1553034038,93,60.06,71.48,-5.6,2.71
"talnakh,ru",-12.55,80,RU,1553033597,89,69.49,88.39,-12.55,3.86
"nelson bay,au",22.41,20,AU,1553034028,83,-32.72,152.14,24.44,3.1
"boende,cd",24.56,0,CD,1553034038,92,-0.28,20.88,24.56,0.66
"sao miguel do iguacu,br",25.91,40,BR,1553032800,94,-25.35,-54.24,28.0,0.5
"novobirilyussy,ru",-7.5,64,RU,1553034038,88,56.95,90.69,-7.5,2.06
"taonan,cn",2.41,76,CN,1553034038,50,45.34,122.78,2.41,7.41
"manasa,in",17.46,8,IN,1553034038,56,24.48,75.27,17.46,2.16
"puerto colombia,co",28.59,20,CO,1553033785,66,10.99,-74.96,30.0,5.1
"nago,jp",14.44,1,JP,1553032560,93,26.59,127.98,17.0,3.66
"rottingdean,gb",8.8,40,GB,1553034037,93,50.8,-0.06,10.0,2.6
"marsh harbour,bs",21.06,92,BS,1553033903,100,26.54,-77.06,21.06,9.96
"chifeng,cn",11.81,92,CN,1553034039,43,42.27,118.96,11.81,3.66
"durazno,uy",21.0,40,UY,1553029200,60,-33.38,-56.52,21.0,8.2
"vestmannaeyjar,is",4.06,92,IS,1553033398,92,63.44,-20.27,4.06,14.21
"fernley,us",15.88,90,US,1553033747,25,39.61,-119.25,19.0,7.2
"tsumeb,na",24.71,8,NA,1553034039,39,-19.25,17.72,24.71,2.11
"kaka,tm",1.71,32,TM,1553034039,100,37.35,59.62,1.71,0.76
"hof,no",2.01,0,NO,1553034020,64,59.53,10.09,3.33,4.6
"cafelandia,br",31.41,8,BR,1553033836,54,-21.8,-49.61,31.41,5.16
"navahrudak,by",1.16,32,BY,1553033592,75,53.59,25.82,1.16,3.86
"mezen,ru",1.41,92,RU,1553034040,92,65.85,44.24,1.41,3.11
"yar-sale,ru",-5.45,80,RU,1553034040,84,66.83,70.83,-5.45,7.41
"comodoro rivadavia,ar",15.0,40,AR,1553029200,44,-45.87,-67.48,15.0,5.7
"langsa,id",21.06,80,ID,1553034040,97,4.47,97.97,21.06,0.96
"bom jesus da lapa,br",29.46,0,BR,1553034040,61,-13.25,-43.41,29.46,3.36
"ixtapa,mx",25.0,5,MX,1553033408,73,20.71,-105.21,25.0,6.2
"nova londrina,br",29.21,56,BR,1553034041,75,-22.76,-52.99,29.21,2.61
"port hedland,au",27.0,0,AU,1553031000,88,-20.31,118.58,27.0,1.96
"outjo,na",28.91,56,NA,1553034041,22,-20.11,16.16,28.91,2.56
"khovu-aksy,ru",-16.15,56,RU,1553034041,71,51.13,93.72,-16.15,1.16
"dabat,et",14.16,48,ET,1553034041,81,12.98,37.77,14.16,1.01
"sidi ali,dz",8.71,8,DZ,1553034041,88,36.1,0.42,8.71,2.06
"kalakamati,bw",22.81,0,BW,1553034042,49,-20.59,27.31,22.81,5.31
"birao,cf",24.36,0,CF,1553034042,20,10.3,22.78,24.36,3.81
